config                 x       y       z      qw      qx      qy      qz
home              +0.750  +0.000  +0.000  +1.000  +0.000  +0.000  +0.000
elbow_45          +0.620  +0.000  -0.316  +0.925  +0.000  +0.380  +0.000
shoulder_30       +0.593  +0.339  -0.226  +0.908  -0.088  +0.331  +0.241
reach_forward     +0.729  +0.000  -0.128  +0.980  +0.000  +0.199  +0.000
near_singular     +0.750  +0.000  -0.002  +1.000  +0.000  +0.005  +0.000

start_ee=[ 0.61991109  0.         -0.31647574], target=[ 0.66991109  0.03       -0.27647574]
iter   err_norm    smin       smax       cond
    0  7.0711e-02  3.494e-17  6.199e-01  inf
    5  1.2550e-02  2.362e-03  6.595e-01  2.79e+02
   10  1.2356e-02  7.113e-04  6.606e-01  9.29e+02
   15  1.2353e-02  1.959e-04  6.607e-01  3.37e+03
   20  1.2353e-02  5.347e-05  6.607e-01  1.24e+04
   25  1.2353e-02  1.458e-05  6.607e-01  4.53e+04
   30  1.2353e-02  3.977e-06  6.607e-01  1.66e+05
   35  1.2353e-02  1.084e-06  6.607e-01  6.09e+05
   40  1.2353e-02  2.957e-07  6.607e-01  2.23e+06
   45  1.2353e-02  8.065e-08  6.607e-01  8.19e+06
   50  1.2353e-02  2.199e-08  6.607e-01  3.00e+07
   55  1.2353e-02  5.998e-09  6.607e-01  1.10e+08
   60  1.2353e-02  1.636e-09  6.607e-01  4.04e+08
   65  1.2353e-02  4.460e-10  6.607e-01  1.48e+09
   70  1.2353e-02  1.216e-10  6.607e-01  5.43e+09
   75  1.2353e-02  3.317e-11  6.607e-01  1.99e+10
   79  1.2353e-02  1.173e-11  6.607e-01  5.63e+10
converged in 80 iters, final err=1.235e-02
final qpos = [ 4.47521621e-02  6.40972948e-01 -8.90901189e-11]
wrote /data/rbc/hands-on-embodied-ai/runs/03-robotics/mujoco_inline_arm_ik.csv
